3.00E-02								
3.00E-02								
3.02E-02								
3.03E-02								
3.06E-02								
3.09E-02								
3.12E-02								
3.14E-02								
3.17E-02								
3.19E-02								
3.20E-02								
3.20E-02								
3.20E-02								
3.19E-02								
3.18E-02								
3.16E-02								
3.15E-02								
3.13E-02								
3.11E-02								
3.10E-02								
3.10E-02								
3.10E-02								
3.10E-02								
3.11E-02								
3.12E-02								
3.13E-02								
3.14E-02								
3.14E-02								
3.15E-02								
3.15E-02								
3.15E-02								
3.15E-02								
3.14E-02								
3.14E-02								
3.14E-02								
3.13E-02								
3.13E-02								
3.13E-02								
3.14E-02								
3.14E-02								
3.15E-02								
3.15E-02								
3.16E-02								
3.16E-02								
3.16E-02								
3.16E-02								
3.15E-02								
3.14E-02								
3.13E-02								
3.12E-02								
3.11E-02								
3.10E-02								
3.10E-02								
3.09E-02								
3.09E-02								
3.10E-02								
3.10E-02								
3.11E-02								
3.12E-02								
3.12E-02								
3.13E-02								
3.13E-02								
3.13E-02								
3.13E-02								
3.12E-02								
3.12E-02								
3.11E-02								
3.10E-02								
3.09E-02								
3.08E-02								
3.08E-02								
3.08E-02								
3.08E-02								
3.09E-02								
3.10E-02								
3.11E-02								
3.12E-02								
3.13E-02								
3.15E-02								
3.16E-02								
3.17E-02								
3.17E-02								
3.18E-02								
3.17E-02								
3.17E-02								
3.16E-02								
3.14E-02								
3.12E-02								
3.10E-02								
3.08E-02								
3.05E-02								
3.02E-02								
3.00E-02								
2.98E-02								
2.97E-02								
2.96E-02								
2.96E-02								
2.97E-02								
2.99E-02								
3.01E-02								
3.05E-02								
3.09E-02								
3.13E-02								
3.17E-02								
3.21E-02								
3.24E-02								
3.25E-02								
3.25E-02								
3.24E-02								
3.21E-02								
3.16E-02								
3.12E-02								
3.07E-02								
3.04E-02								
3.03E-02								
3.03E-02								
3.07E-02								
3.12E-02								
3.17E-02								
3.22E-02								
3.25E-02								
3.24E-02								
3.18E-02								
3.07E-02								
2.93E-02								
2.78E-02								
2.63E-02								
2.54E-02								
2.51E-02								
2.56E-02								
2.68E-02								
2.83E-02								
2.97E-02								
3.04E-02								
3.01E-02								
2.86E-02								
2.60E-02								
2.31E-02								
2.06E-02								
1.95E-02								
2.03E-02								
2.32E-02								
2.75E-02								
3.19E-02								
3.49E-02								
3.52E-02								
3.23E-02								
2.68E-02								
2.06E-02								
1.63E-02								
1.64E-02								
2.24E-02								
3.36E-02								
4.70E-02								
5.81E-02								
6.22E-02								
5.67E-02								
4.26E-02								
2.53E-02								
1.41E-02								
1.86E-02								
4.52E-02								
9.27E-02								
1.50E-01								
1.99E-01								
2.16E-01								
1.89E-01								
1.19E-01								
3.99E-02								
1.38E-02								
1.30E-01								
4.90E-01								
1.18E+00								
2.26E+00								
3.71E+00								
5.45E+00								
7.32E+00								
9.12E+00								
1.06E+01								
1.16E+01								
1.20E+01								
1.16E+01								
1.06E+01								
9.12E+00								
7.32E+00								
5.45E+00								
3.71E+00								
2.26E+00								
1.18E+00								
4.90E-01								
1.30E-01								
1.38E-02								
3.99E-02								
1.19E-01								
1.89E-01								
2.16E-01								
1.99E-01								
1.50E-01								
9.27E-02								
4.52E-02								
1.86E-02								
1.41E-02								
2.53E-02								
4.26E-02								
5.67E-02								
6.22E-02								
5.81E-02								
4.70E-02								
3.36E-02								
2.24E-02								
1.64E-02								
1.63E-02								
2.06E-02								
2.68E-02								
3.23E-02								
3.52E-02								
3.49E-02								
3.19E-02								
2.75E-02								
2.32E-02								
2.03E-02								
1.95E-02								
2.06E-02								
2.31E-02								
2.60E-02								
2.86E-02								
3.01E-02								
3.04E-02								
2.97E-02								
2.83E-02								
2.68E-02								
2.56E-02								
2.51E-02								
2.54E-02								
2.63E-02								
2.78E-02								
2.93E-02								
3.07E-02								
3.18E-02								
3.24E-02								
3.25E-02								
3.22E-02								
3.17E-02								
3.12E-02								
3.07E-02								
3.03E-02								
3.03E-02								
3.04E-02								
3.07E-02								
3.12E-02								
3.16E-02								
3.21E-02								
3.24E-02								
3.25E-02								
3.25E-02								
3.24E-02								
3.21E-02								
3.17E-02								
3.13E-02								
3.09E-02								
3.05E-02								
3.01E-02								
2.99E-02								
2.97E-02								
2.96E-02								
2.96E-02								
2.97E-02								
2.98E-02								
3.00E-02								
3.02E-02								
3.05E-02								
3.08E-02								
3.10E-02								
3.12E-02								
3.14E-02								
3.16E-02								
3.17E-02								
3.17E-02								
3.18E-02								
3.17E-02								
3.17E-02								
3.16E-02								
3.15E-02								
3.13E-02								
3.12E-02								
3.11E-02								
3.10E-02								
3.09E-02								
3.08E-02								
3.08E-02								
3.08E-02								
3.08E-02								
3.09E-02								
3.10E-02								
3.11E-02								
3.12E-02								
3.12E-02								
3.13E-02								
3.13E-02								
3.13E-02								
3.13E-02								
3.12E-02								
3.12E-02								
3.11E-02								
3.10E-02								
3.10E-02								
3.09E-02								
3.09E-02								
3.10E-02								
3.10E-02								
3.11E-02								
3.12E-02								
3.13E-02								
3.14E-02								
3.15E-02								
3.16E-02								
3.16E-02								
3.16E-02								
3.16E-02								
3.15E-02								
3.15E-02								
3.14E-02								
3.14E-02								
3.13E-02								
3.13E-02								
3.13E-02								
3.14E-02								
3.14E-02								
3.14E-02								
3.15E-02								
3.15E-02								
3.15E-02								
3.15E-02								
3.14E-02								
3.14E-02								
3.13E-02								
3.12E-02								
3.11E-02								
3.10E-02								
3.10E-02								
3.10E-02								
3.10E-02								
3.11E-02								
3.13E-02								
3.15E-02								
3.16E-02								
3.18E-02								
3.19E-02								
3.20E-02								
3.20E-02								
3.20E-02								
3.19E-02								
3.17E-02								
3.14E-02								
3.12E-02								
3.09E-02								
3.06E-02								
3.03E-02								
3.02E-02								
3.00E-02								
3.00E-02								
