2.8443965E-09								
3.8491019E-08								
4.0432504E-08								
3.3876536E-08								
2.8565154E-08								
2.6230345E-08								
2.4440314E-08								
1.7846714E-08								
6.1823977E-09								
8.0251327E-11								
1.1794430E-08								
4.2096360E-08								
8.0194124E-08								
1.1547948E-07								
1.3841450E-07								
1.4181782E-07								
1.2416554E-07								
9.6801711E-08								
7.4493304E-08								
6.7571515E-08								
7.1038433E-08								
7.5533010E-08								
7.2675828E-08								
5.9522413E-08								
3.9994988E-08								
2.0439575E-08								
9.6962896E-09								
1.2723924E-08								
2.8674092E-08								
5.0877680E-08								
6.9803623E-08								
7.8786553E-08								
7.7237865E-08								
6.7879519E-08								
5.4217208E-08								
3.8121660E-08								
2.2318311E-08								
9.5860923E-09								
1.9776863E-09								
1.0766756E-09								
8.6612673E-09								
2.6633440E-08								
5.4880775E-08								
9.1127660E-08								
1.3013455E-07								
1.6568269E-07								
1.9363862E-07								
2.1195397E-07								
2.2199587E-07								
2.2621876E-07								
2.2896801E-07								
2.3319194E-07								
2.3914894E-07								
2.4364211E-07								
2.4459198E-07								
2.3782692E-07								
2.2229949E-07								
1.9591946E-07								
1.6074907E-07								
1.2449872E-07								
1.0107918E-07								
9.8443498E-08								
1.1880188E-07								
1.5517370E-07								
1.9874229E-07								
2.4219551E-07								
2.8115362E-07								
3.0909955E-07								
3.2105798E-07								
3.1405590E-07								
2.8937115E-07								
2.5405895E-07								
2.2063953E-07								
1.9256655E-07								
1.6826389E-07								
1.4315937E-07								
1.1805912E-07								
9.6450406E-08								
8.5011768E-08								
8.3916031E-08								
8.6695320E-08								
9.0127580E-08								
9.5861183E-08								
1.0851111E-07								
1.2937246E-07								
1.5680120E-07								
1.8900439E-07								
2.2369563E-07								
2.6129746E-07								
3.0495644E-07								
3.6165169E-07								
4.3895404E-07								
5.4043858E-07								
6.5504793E-07								
7.6461135E-07								
8.4260822E-07								
8.7052270E-07								
8.4725799E-07								
7.8459559E-07								
7.0129711E-07								
6.1445045E-07								
5.3100106E-07								
4.5430156E-07								
3.8224610E-07								
3.1638022E-07								
2.5515790E-07								
1.9656203E-07								
1.4276976E-07								
9.4771576E-08								
5.6617173E-08								
2.9851912E-08								
1.4301717E-08								
6.4438825E-09								
3.0021148E-09								
1.3597067E-09								
6.9134489E-10								
1.7140230E-09								
5.7325549E-09								
1.3596792E-08								
2.4382006E-08								
3.4310259E-08								
3.9404977E-08								
3.6187997E-08								
2.5127336E-08								
1.1649554E-08								
3.1024138E-09								
6.4600720E-09								
2.3721412E-08								
5.0575042E-08								
7.9859880E-08								
1.0074796E-07								
1.0963237E-07								
1.0829113E-07								
1.0285555E-07								
1.0092866E-07								
1.0764169E-07								
1.2436238E-07								
1.4851797E-07								
1.7224218E-07								
1.8810285E-07								
1.9220960E-07								
1.8609309E-07								
1.7459881E-07								
1.6218474E-07								
1.5440795E-07								
1.5177142E-07								
1.5396884E-07								
1.5720029E-07								
1.5673397E-07								
1.4611948E-07								
1.2392327E-07								
9.4677199E-08								
6.5460108E-08								
4.5958336E-08								
3.7771857E-08								
3.6764328E-08								
3.8013407E-08								
3.9825395E-08								
4.2435491E-08								
4.6985559E-08								
5.2497494E-08								
5.7612825E-08								
6.0359641E-08								
6.0481310E-08								
5.7586774E-08								
5.2606230E-08								
4.7620102E-08								
4.4406190E-08								
4.4490844E-08								
5.1048540E-08								
6.2060995E-08								
7.1035942E-08								
7.1236672E-08								
6.0950675E-08								
4.6278244E-08								
3.1061430E-08								
1.7394759E-08								
7.4304796E-09								
3.1854671E-09								
4.3333324E-09								
1.2194700E-08								
3.0544374E-08								
6.0467571E-08								
9.9337569E-08								
1.4482842E-07								
1.9277274E-07								
2.3480832E-07								
2.6171736E-07								
2.6467022E-07								
2.4200616E-07								
2.0038012E-07								
1.5416738E-07								
1.1383307E-07								
8.0166057E-08								
5.1939667E-08								
3.0799462E-08								
1.7897283E-08								
1.3229515E-08								
1.4637932E-08								
1.9203999E-08								
2.4024692E-08								
2.5928350E-08								
2.4049925E-08								
1.8804504E-08								
1.1944498E-08								
6.3247448E-09								
4.0890386E-09								
5.9411922E-09								
9.6252651E-09								
1.0862730E-08								
7.7312143E-09								
2.4061652E-09								
1.1685490E-10								
3.8149376E-09								
1.1803375E-08								
1.9933026E-08								
2.5257803E-08								
2.8539236E-08								
3.2644221E-08								
3.9240882E-08								
4.6329084E-08								
4.8200532E-08								
4.1013614E-08								
2.5988911E-08								
1.0629107E-08								
2.9174183E-09								
4.4318904E-09								
1.0401094E-08								
1.4626453E-08								
1.5661411E-08								
1.7113036E-08								
2.5220294E-08								
4.1514449E-08								
6.2276337E-08								
7.8702557E-08								
8.2526454E-08								
7.2454564E-08								
5.2747783E-08								
3.2952666E-08								
1.9138453E-08								
1.4778832E-08								
1.9728995E-08								
3.2591923E-08								
5.2144371E-08								
7.5237585E-08								
9.6712523E-08								
1.0771212E-07								
1.0476229E-07								
8.9770747E-08								
7.0072223E-08								
5.1451459E-08								
3.6545392E-08								
2.5643689E-08								
1.8946888E-08								
1.6821361E-08								
2.0239908E-08								
3.1282861E-08								
5.4298516E-08								
9.3934169E-08								
1.5643374E-07								
2.4490630E-07								
3.5688872E-07								
4.8218412E-07								
6.0292572E-07								
6.9893071E-07								
7.5953510E-07								
7.8922207E-07								
7.9620790E-07								
7.8886315E-07								
7.6203316E-07								
7.0825437E-07								
6.3332963E-07								
5.5581745E-07								
4.9437966E-07								
4.5926709E-07								
4.4584327E-07								
4.4301047E-07								
4.4135439E-07								
4.3088048E-07								
4.0856447E-07								
3.7792867E-07								
3.4705020E-07								
3.2479938E-07								
3.1733066E-07								
3.2522231E-07								
3.4148168E-07								
3.5411629E-07								
3.5427241E-07								
3.3622502E-07								
3.0501441E-07								
2.6899227E-07								
2.3569342E-07								
2.0633059E-07								
1.8338567E-07								
1.6691982E-07								
1.5615548E-07								
1.4851500E-07								
1.3708535E-07								
1.1788203E-07								
9.0377252E-08								
5.9603921E-08								
3.2273984E-08								
1.3115643E-08								
2.9083425E-09								
1.5816211E-12								
2.3756723E-09								
8.7669751E-09								
1.8767831E-08								
3.1794462E-08								
4.6302125E-08								
5.9795398E-08								
6.9606998E-08								
7.3851400E-08								
7.2477326E-08								
6.7953366E-08								
6.2397875E-08								
5.7641202E-08								
5.5710758E-08								
5.6413050E-08								
5.9638968E-08								
6.4591016E-08								
6.8705632E-08								
7.0661419E-08								
6.9222546E-08								
6.3249641E-08								
5.4373654E-08								
4.5086719E-08								
3.8626424E-08								
3.6892633E-08								
3.9395024E-08								
4.4740577E-08								
4.9779734E-08								
5.2960403E-08								
5.3607482E-08								
5.2157519E-08								
4.9924806E-08								
4.5910680E-08								
3.9972556E-08								
3.1857502E-08								
2.1374254E-08								
1.0712550E-08								
3.6715627E-09								
2.4187764E-09								
6.5095023E-09								
1.3330864E-08								
2.1013157E-08								
3.0302941E-08								
4.2487250E-08								
5.8484802E-08								
7.6834547E-08								
9.3962073E-08								
1.0596813E-07								
1.1100592E-07								
1.0869546E-07								
1.0139832E-07								
9.4226685E-08								
8.8935769E-08								
8.2821098E-08								
7.3676674E-08								
6.3032271E-08								
5.3755741E-08								
