4.27E-27								
4.08E-21								
1.54E-20								
3.17E-20								
4.96E-20								
6.61E-20								
7.89E-20								
8.70E-20								
9.07E-20								
9.16E-20								
9.19E-20								
9.39E-20								
9.96E-20								
1.10E-19								
1.27E-19								
1.50E-19								
1.78E-19								
2.09E-19								
2.43E-19								
2.76E-19								
3.06E-19								
3.33E-19								
3.57E-19								
3.76E-19								
3.93E-19								
4.09E-19								
4.25E-19								
4.41E-19								
4.58E-19								
4.74E-19								
4.89E-19								
5.00E-19								
5.07E-19								
5.09E-19								
5.06E-19								
5.01E-19								
4.93E-19								
4.86E-19								
4.79E-19								
4.75E-19								
4.73E-19								
4.72E-19								
4.70E-19								
4.66E-19								
4.58E-19								
4.45E-19								
4.28E-19								
4.05E-19								
3.79E-19								
3.50E-19								
3.19E-19								
2.88E-19								
2.58E-19								
2.29E-19								
2.02E-19								
1.75E-19								
1.51E-19								
1.28E-19								
1.07E-19								
8.77E-20								
7.08E-20								
5.63E-20								
4.45E-20								
3.53E-20								
2.88E-20								
2.47E-20								
2.29E-20								
2.32E-20								
2.51E-20								
2.86E-20								
3.31E-20								
3.85E-20								
4.44E-20								
5.03E-20								
5.60E-20								
6.10E-20								
6.51E-20								
6.82E-20								
7.02E-20								
7.11E-20								
7.11E-20								
7.03E-20								
6.92E-20								
6.80E-20								
6.68E-20								
6.61E-20								
6.59E-20								
6.64E-20								
6.78E-20								
6.99E-20								
7.29E-20								
7.65E-20								
8.07E-20								
8.51E-20								
8.95E-20								
9.34E-20								
9.65E-20								
9.86E-20								
9.93E-20								
9.87E-20								
9.69E-20								
9.42E-20								
9.12E-20								
8.83E-20								
8.61E-20								
8.49E-20								
8.50E-20								
8.62E-20								
8.82E-20								
9.04E-20								
9.22E-20								
9.31E-20								
9.28E-20								
9.13E-20								
8.90E-20								
8.64E-20								
8.45E-20								
8.37E-20								
8.44E-20								
8.65E-20								
8.96E-20								
9.27E-20								
9.49E-20								
9.54E-20								
9.40E-20								
9.12E-20								
8.82E-20								
8.70E-20								
8.99E-20								
9.91E-20								
1.16E-19								
1.40E-19								
1.71E-19								
2.06E-19								
2.40E-19								
2.71E-19								
2.94E-19								
3.08E-19								
3.13E-19								
3.13E-19								
3.11E-19								
3.12E-19								
3.22E-19								
3.42E-19								
3.72E-19								
4.11E-19								
4.51E-19								
4.88E-19								
5.14E-19								
5.27E-19								
5.25E-19								
5.10E-19								
4.87E-19								
4.62E-19								
4.41E-19								
4.27E-19								
4.23E-19								
4.28E-19								
4.36E-19								
4.44E-19								
4.44E-19								
4.31E-19								
3.98E-19								
3.46E-19								
2.77E-19								
1.97E-19								
1.18E-19								
5.19E-20								
1.09E-20								
2.26E-21								
2.65E-20								
7.59E-20								
1.36E-19								
1.89E-19								
2.19E-19								
2.17E-19								
1.82E-19								
1.25E-19								
6.39E-20								
1.73E-20								
4.77E-27								
1.73E-20								
6.39E-20								
1.25E-19								
1.82E-19								
2.17E-19								
2.19E-19								
1.89E-19								
1.36E-19								
7.59E-20								
2.65E-20								
2.24E-21								
1.09E-20								
5.19E-20								
1.18E-19								
1.97E-19								
2.77E-19								
3.47E-19								
3.99E-19								
4.31E-19								
4.45E-19								
4.45E-19								
4.37E-19								
4.28E-19								
4.24E-19								
4.28E-19								
4.41E-19								
4.63E-19								
4.88E-19								
5.10E-19								
5.25E-19								
5.28E-19								
5.15E-19								
4.88E-19								
4.52E-19								
4.11E-19								
3.73E-19								
3.42E-19								
3.22E-19								
3.13E-19								
3.11E-19								
3.14E-19								
3.14E-19								
3.09E-19								
2.94E-19								
2.71E-19								
2.41E-19								
2.06E-19								
1.72E-19								
1.41E-19								
1.16E-19								
9.94E-20								
9.02E-20								
8.72E-20								
8.84E-20								
9.14E-20								
9.42E-20								
9.56E-20								
9.50E-20								
9.28E-20								
8.97E-20								
8.66E-20								
8.45E-20								
8.37E-20								
8.45E-20								
8.65E-20								
8.90E-20								
9.13E-20								
9.29E-20								
9.32E-20								
9.23E-20								
9.05E-20								
8.83E-20								
8.63E-20								
8.50E-20								
8.49E-20								
8.61E-20								
8.83E-20								
9.12E-20								
9.43E-20								
9.70E-20								
9.88E-20								
9.94E-20								
9.87E-20								
9.66E-20								
9.35E-20								
8.95E-20								
8.52E-20								
8.07E-20								
7.66E-20								
7.29E-20								
6.99E-20								
6.77E-20								
6.64E-20								
6.59E-20								
6.60E-20								
6.68E-20								
6.79E-20								
6.92E-20								
7.03E-20								
7.11E-20								
7.11E-20								
7.02E-20								
6.83E-20								
6.52E-20								
6.11E-20								
5.60E-20								
5.04E-20								
4.45E-20								
3.86E-20								
3.32E-20								
2.86E-20								
2.52E-20								
2.32E-20								
2.29E-20								
2.47E-20								
2.87E-20								
3.52E-20								
4.43E-20								
5.61E-20								
7.05E-20								
8.74E-20								
1.07E-19								
1.28E-19								
1.50E-19								
1.75E-19								
2.01E-19								
2.29E-19								
2.58E-19								
2.88E-19								
3.18E-19								
3.49E-19								
3.78E-19								
4.04E-19								
4.27E-19								
4.45E-19								
4.57E-19								
4.65E-19								
4.69E-19								
4.71E-19								
4.73E-19								
4.75E-19								
4.79E-19								
4.85E-19								
4.92E-19								
5.00E-19								
5.06E-19								
5.08E-19								
5.06E-19								
5.00E-19								
4.88E-19								
4.74E-19								
4.57E-19								
4.41E-19								
4.24E-19								
4.09E-19								
3.93E-19								
3.76E-19								
3.56E-19								
3.33E-19								
3.06E-19								
2.75E-19								
2.42E-19								
2.09E-19								
1.78E-19								
1.50E-19								
1.27E-19								
1.10E-19								
9.95E-20								
9.38E-20								
9.19E-20								
9.16E-20								
9.06E-20								
8.69E-20								
7.88E-20								
6.61E-20								
4.96E-20								
3.16E-20								
1.54E-20								
4.06E-21								
4.27E-27								
