3.0519876E-02								
3.1381503E-02								
3.1201225E-02								
3.1199867E-02								
3.1189661E-02								
3.1174259E-02								
3.1157479E-02								
3.1138510E-02								
3.1116576E-02								
3.1089427E-02								
3.1056470E-02								
3.1017171E-02								
3.0973098E-02								
3.0925649E-02								
3.0880529E-02								
3.0840561E-02								
3.0807555E-02								
3.0781957E-02								
3.0763433E-02								
3.0753439E-02								
3.0753837E-02								
3.0766018E-02								
3.0786938E-02								
3.0809849E-02								
3.0827920E-02								
3.0837283E-02								
3.0837245E-02								
3.0832599E-02								
3.0830688E-02								
3.0836830E-02								
3.0853867E-02								
3.0880658E-02								
3.0913284E-02								
3.0945217E-02								
3.0971115E-02								
3.0986552E-02								
3.0991721E-02								
3.0988338E-02								
3.0982512E-02								
3.0979147E-02								
3.0983178E-02								
3.0996079E-02								
3.1016693E-02								
3.1041778E-02								
3.1067609E-02								
3.1089465E-02								
3.1102392E-02								
3.1100942E-02								
3.1082084E-02								
3.1045887E-02								
3.0997122E-02								
3.0942088E-02								
3.0886460E-02								
3.0834307E-02								
3.0787682E-02								
3.0749063E-02								
3.0720367E-02								
3.0700503E-02								
3.0686647E-02								
3.0674175E-02								
3.0657588E-02								
3.0631552E-02								
3.0593891E-02								
3.0546348E-02								
3.0491871E-02								
3.0434303E-02								
3.0384824E-02								
3.0352150E-02								
3.0339238E-02								
3.0342154E-02								
3.0354559E-02								
3.0370005E-02								
3.0383242E-02								
3.0390149E-02								
3.0388330E-02								
3.0377499E-02								
3.0359920E-02								
3.0341539E-02								
3.0330723E-02								
3.0334738E-02								
3.0355983E-02								
3.0389862E-02								
3.0427619E-02								
3.0462308E-02								
3.0489059E-02								
3.0508799E-02								
3.0523860E-02								
3.0537014E-02								
3.0549806E-02								
3.0562301E-02								
3.0571784E-02								
3.0575144E-02								
3.0569947E-02								
3.0554620E-02								
3.0530391E-02								
3.0500080E-02								
3.0468244E-02								
3.0439210E-02								
3.0416685E-02								
3.0402193E-02								
3.0396616E-02								
3.0400311E-02								
3.0412887E-02								
3.0432390E-02								
3.0457384E-02								
3.0483273E-02								
3.0508849E-02								
3.0531208E-02								
3.0549511E-02								
3.0562715E-02								
3.0569588E-02								
3.0567880E-02								
3.0556804E-02								
3.0536184E-02								
3.0508126E-02								
3.0477505E-02								
3.0445720E-02								
3.0413752E-02								
3.0381870E-02								
3.0350780E-02								
3.0322478E-02								
3.0299442E-02								
3.0284409E-02								
3.0278674E-02								
3.0283440E-02								
3.0299925E-02								
3.0327158E-02								
3.0362198E-02								
3.0402818E-02								
3.0444316E-02								
3.0482461E-02								
3.0515140E-02								
3.0540809E-02								
3.0560107E-02								
3.0574371E-02								
3.0585207E-02								
3.0594540E-02								
3.0604370E-02								
3.0614020E-02								
3.0622071E-02								
3.0626573E-02								
3.0625845E-02								
3.0619139E-02								
3.0607697E-02								
3.0591076E-02								
3.0572552E-02								
3.0555578E-02								
3.0547670E-02								
3.0551545E-02								
3.0567334E-02								
3.0592561E-02								
3.0622998E-02								
3.0653934E-02								
3.0680833E-02								
3.0701457E-02								
3.0715496E-02								
3.0723290E-02								
3.0727090E-02								
3.0730959E-02								
3.0741174E-02								
3.0759255E-02								
3.0785147E-02								
3.0814091E-02								
3.0841801E-02								
3.0862017E-02								
3.0872290E-02								
3.0870575E-02								
3.0859938E-02								
3.0845806E-02								
3.0834454E-02								
3.0831048E-02								
3.0836817E-02								
3.0848022E-02								
3.0859035E-02								
3.0866222E-02								
3.0871726E-02								
3.0878979E-02								
3.0890059E-02								
3.0902509E-02								
3.0913565E-02								
3.0920442E-02								
3.0927116E-02								
3.0937406E-02								
3.0952830E-02								
3.0973124E-02								
3.0993731E-02								
3.1009886E-02								
3.1020496E-02								
3.1025335E-02								
3.1026391E-02								
3.1027220E-02								
3.1030100E-02								
3.1037660E-02								
3.1048920E-02								
3.1062639E-02								
3.1077997E-02								
3.1093721E-02								
3.1108300E-02								
3.1119824E-02								
3.1128345E-02								
3.1135817E-02								
3.1144350E-02								
3.1157077E-02								
3.1174602E-02								
3.1196023E-02								
3.1218965E-02								
3.1241746E-02								
3.1262476E-02								
3.1278296E-02								
3.1287801E-02								
3.1290079E-02								
3.1284866E-02								
3.1274380E-02								
3.1263123E-02								
3.1256393E-02								
3.1258408E-02								
3.1271034E-02								
3.1295292E-02								
3.1328958E-02								
3.1368628E-02								
3.1412177E-02								
3.1454344E-02								
3.1491430E-02								
3.1518861E-02								
3.1533074E-02								
3.1532957E-02								
3.1519286E-02								
3.1495279E-02								
3.1467552E-02								
3.1440649E-02								
3.1420876E-02								
3.1409174E-02								
3.1407272E-02								
3.1413774E-02								
3.1426689E-02								
3.1441500E-02								
3.1454796E-02								
3.1462451E-02								
3.1464031E-02								
3.1460234E-02								
3.1454024E-02								
3.1447438E-02								
3.1442382E-02								
3.1437952E-02								
3.1435783E-02								
3.1435394E-02								
3.1440317E-02								
3.1451968E-02								
3.1467749E-02								
3.1482071E-02								
3.1492525E-02								
3.1498616E-02								
3.1501139E-02								
3.1501525E-02								
3.1499893E-02								
3.1494471E-02								
3.1485168E-02								
3.1471201E-02								
3.1455709E-02								
3.1444480E-02								
3.1441100E-02								
3.1450447E-02								
3.1475380E-02								
3.1516964E-02								
3.1571570E-02								
3.1630890E-02								
3.1683420E-02								
3.1718943E-02								
3.1728574E-02								
3.1711291E-02								
3.1670389E-02								
3.1616195E-02								
3.1561538E-02								
3.1517198E-02								
3.1486956E-02								
3.1473489E-02								
3.1472092E-02								
3.1479937E-02								
3.1493156E-02								
3.1507993E-02								
3.1524080E-02								
3.1539188E-02								
3.1553267E-02								
3.1565325E-02								
3.1577047E-02								
3.1589510E-02								
3.1600015E-02								
3.1604128E-02								
3.1595907E-02								
3.1569674E-02								
3.1527071E-02								
3.1475547E-02								
3.1423922E-02								
3.1376116E-02								
3.1334308E-02								
3.1300371E-02								
3.1275186E-02								
3.1259420E-02								
3.1251530E-02								
3.1249956E-02								
3.1252399E-02								
3.1255671E-02								
3.1257870E-02								
3.1257501E-02								
3.1254732E-02								
3.1249247E-02								
3.1241606E-02								
3.1233358E-02								
3.1225125E-02								
3.1217455E-02								
3.1211552E-02								
3.1207618E-02								
3.1206314E-02								
3.1207690E-02								
3.1210936E-02								
3.1215206E-02								
3.1219451E-02								
3.1221626E-02								
3.1220711E-02								
3.1215526E-02								
3.1206535E-02								
3.1195340E-02								
3.1183491E-02								
3.1173128E-02								
3.1165766E-02								
3.1161658E-02								
3.1161690E-02								
3.1165916E-02								
3.1174589E-02								
3.1190431E-02								
3.1211797E-02								
3.1239121E-02								
3.1270310E-02								
3.1303282E-02								
3.1337447E-02								
3.1371201E-02								
3.1404945E-02								
3.1435795E-02								
3.1461430E-02								
3.1478289E-02								
3.1487396E-02								
3.1489040E-02								
3.1484805E-02								
3.1474554E-02								
3.1457442E-02								
3.1432844E-02								
3.1400906E-02								
3.1361650E-02								
3.1316587E-02								
3.1269387E-02								
3.1224477E-02								
3.1188133E-02								
3.1165749E-02								
3.1158757E-02								
3.1164958E-02								
3.1180410E-02								
3.1199188E-02								
3.1215706E-02								
3.1226991E-02								
3.1232137E-02								
3.1230823E-02								
								
